Forecasts for clusters:

Cluster 0:

Electricity: [5.92, 6.03, 5.95, 6.02, 6.06, 5.94, 5.93, 6.46, 6.41, 6.48, 6.47, 6.48, 6.45, 6.43, 6.42, 6.73, 7.43, 7.58, 7.6, 7.32, 6.75, 6.36, 6.11, 5.99]

Load: [0.05, 0.04, 0.05, 0.05, 0.05, 0.05, 0.04, 0.03, 0.02, 0.01, 0.01, 0.0, 0.0, 0.0, 0.0, 0.0, 0.0, 0.0, 0.02, 0.03, 0.04, 0.04, 0.04, 0.05]

-------

Cluster 1:

Electricity: [6.06, 6.02, 6.04, 6.03, 6.1, 6.21, 6.33, 39.64, 39.45, 39.6, 40.02, 39.87, 6.51, 6.49, 6.52, 6.63, 40.33, 40.22, 40.7, 40.46, 6.51, 6.25, 6.07, 6.05]

Load: [0.11, 0.11, 0.11, 0.11, 0.11, 0.11, 0.11, 0.1, 0.09, 0.08, 0.08, 0.08, 0.07, 0.07, 0.07, 0.07, 0.07, 0.08, 0.09, 0.09, 0.1, 0.1, 0.1, 0.11]

-------

Cluster 2:

Electricity: [6.12, 6.03, 6.01, 6.0, 6.09, 6.14, 6.18, 39.63, 39.7, 39.65, 39.71, 39.8, 6.86, 6.77, 6.77, 6.95, 40.1, 40.47, 40.34, 39.92, 6.39, 6.19, 6.09, 6.1]

Load: [0.04, 0.04, 0.05, 0.05, 0.05, 0.04, 0.04, 0.03, 0.02, 0.01, 0.01, 0.0, 0.0, 0.0, 0.0, 0.0, 0.0, 0.0, 0.0, 0.01, 0.02, 0.03, 0.03, 0.04]

-------

Cluster 3:

Electricity: [6.07, 6.11, 6.11, 6.1, 6.07, 6.11, 6.24, 6.77, 6.93, 6.62, 6.41, 6.34, 6.29, 6.29, 6.27, 6.67, 7.27, 7.74, 7.85, 7.41, 6.48, 6.42, 6.11, 6.06]

Load: [0.11, 0.11, 0.11, 0.11, 0.11, 0.11, 0.1, 0.1, 0.08, 0.08, 0.08, 0.08, 0.08, 0.07, 0.07, 0.07, 0.07, 0.07, 0.09, 0.09, 0.1, 0.1, 0.11, 0.11]

-------

Cluster 4:

Electricity: [6.36, 6.34, 6.34, 6.37, 6.41, 6.46, 6.95, 41.51, 41.16, 41.07, 41.06, 41.08, 7.16, 7.18, 7.18, 7.16, 41.2, 41.64, 41.43, 41.51, 6.84, 6.65, 6.46, 6.4]

Load: [0.16, 0.16, 0.16, 0.16, 0.16, 0.16, 0.16, 0.16, 0.15, 0.14, 0.14, 0.13, 0.13, 0.13, 0.13, 0.13, 0.14, 0.14, 0.14, 0.15, 0.15, 0.15, 0.15, 0.15]

-------

Cluster 5:

Electricity: [6.29, 6.3, 6.23, 6.3, 6.31, 6.21, 6.63, 6.62, 6.75, 6.86, 7.11, 6.96, 6.9, 6.59, 6.71, 6.86, 7.1, 7.48, 7.86, 7.42, 6.84, 6.85, 6.57, 6.53]

Load: [0.17, 0.18, 0.16, 0.18, 0.18, 0.18, 0.17, 0.17, 0.16, 0.14, 0.13, 0.13, 0.13, 0.13, 0.13, 0.13, 0.13, 0.14, 0.14, 0.14, 0.15, 0.16, 0.16, 0.16]



