Electricity price profile for clusters:

Cluster 0:
[5.99, 5.92, 6.02, 6.04, 5.9, 5.92, 6.45, 6.38, 6.42, 6.42, 6.43, 6.44, 6.38, 6.42, 6.73, 7.43, 7.61, 7.6, 7.25, 6.7, 6.24, 6.09, 5.94, 5.91]

Cluster 1:
[6.07, 6.02, 6.03, 6.05, 6.13, 6.34, 6.83, 40.29, 40.05, 39.88, 40.23, 39.31, 6.58, 6.59, 6.51, 6.72, 40.4, 40.36, 40.64, 39.7, 6.4, 6.27, 6.07, 6.06]

Cluster 2:
[6.1, 6.01, 5.97, 5.96, 6.08, 6.1, 6.23, 39.69, 39.72, 39.65, 39.76, 39.7, 6.84, 6.78, 6.79, 7.04, 40.17, 40.5, 40.35, 39.88, 6.38, 6.16, 6.08, 6.1]

Cluster 3:
[6.07, 6.11, 6.11, 6.04, 6.07, 6.15, 6.3, 6.85, 6.93, 6.69, 6.52, 6.53, 6.54, 6.43, 6.5, 7.3, 7.7, 7.89, 7.73, 7.34, 6.62, 6.46, 6.16, 6.09]

Cluster 4:
[6.46, 6.45, 6.42, 6.42, 6.51, 6.68, 7.59, 41.89, 41.49, 41.22, 41.18, 39.76, 7.4, 7.43, 7.54, 8.07, 41.33, 41.89, 41.82, 40.88, 7.06, 6.86, 6.61, 6.5]

Cluster 5:
[6.25, 6.32, 6.31, 6.34, 6.35, 6.48, 6.65, 6.75, 6.93, 6.93, 7.12, 7.02, 6.98, 6.87, 6.8, 6.9, 7.15, 7.99, 7.97, 7.82, 6.97, 6.86, 6.61, 6.57]